1 0.22249169435215946 0.2728926905132193 0.06847176079734218 0.12690513219284602
1 0.36477574750830566 0.2853343701399689 0.047383720930232555 0.0895800933125972
1 0.45003322259136214 0.27080870917573874 0.04513289036544851 0.08542768273716951
1 0.5447009966777409 0.27029548989113533 0.0617109634551495 0.1279471228615863
1 0.6919601328903654 0.30088646967340593 0.04394518272425249 0.09581648522550544
1 0.8065531561461794 0.2028926905132193 0.07379568106312293 0.14242612752721617
1 0.9402574750830565 0.31125972006220837 0.052159468438538206 0.10412130637636081
1 0.8682973421926911 0.31744945567651633 0.038604651162790694 0.10744945567651633
2 0.8026827242524917 0.5777916018662519 0.07933554817275747 0.06486780715396578
2 0.1873421926910299 0.5881648522550544 0.0812126245847176 0.060730948678071536
2 0.5220016611295681 0.6109797822706066 0.06946843853820599 0.06903576982892691
2 0.45141196013289037 0.5684603421461897 0.07115448504983389 0.05864696734059098
2 0.9397093023255815 0.5990357698289269 0.06188538205980067 0.07304821150855366