1 0.07491638795986622 0.057678571428571426 0.06173913043478261 0.11333333333333333
1 0.21702341137123746 0.06017857142857143 0.0717056856187291 0.11238095238095237
1 0.3097993311036789 0.08398809523809524 0.05996655518394649 0.10047619047619047
1 0.41066889632107023 0.12119047619047618 0.07444816053511706 0.1332142857142857
1 0.589866220735786 0.15047619047619049 0.08160535117056855 0.12630952380952382
1 0.5252173913043477 0.04726190476190476 0.05933110367892976 0.09446428571428571
1 0.5767558528428093 0.050238095238095234 0.05207357859531773 0.10047619047619047
1 0.7211036789297659 0.0874404761904762 0.05983277591973244 0.10148809523809524
1 0.7751839464882944 0.04970238095238095 0.04755852842809365 0.09749999999999999
1 0.8403678929765886 0.11023809523809523 0.06424749163879599 0.09946428571428571
1 0.8331438127090302 0.22333333333333336 0.07729096989966555 0.13863095238095238
2 0.1685284280936455 0.4595833333333333 0.08177257525083612 0.0838095238095238