1 0.3874076923076923 0.4097985901309164 0.07566923076923077 0.08556898288016113
1 0.16949999999999998 0.3834944612286002 0.06036153846153846 0.0933937562940584
1 0.7382 0.43218529707955694 0.05417692307692308 0.07662638469284995
1 0.6971846153846154 0.3784592145015106 0.06444615384615385 0.09003021148036254
1 0.8125615384615384 0.39466263846928495 0.07403076923076923 0.09912386706948641
1 0.8740846153846153 0.3767573011077543 0.0637923076923077 0.08122860020140986
1 0.7255923076923076 0.37173212487411883 0.035076923076923075 0.061893252769385704
1 0.5045538461538461 0.3752769385699899 0.043184615384615384 0.060473313192346424
1 0.3345923076923077 0.3458308157099698 0.033176923076923076 0.056908358509566964
1 0.2140692307692308 0.3390936555891239 0.05217692307692308 0.05619335347432024
1 0.11736923076923078 0.32455186304128897 0.058661538461538466 0.05689828801611279
1 0.16923846153846153 0.38642497482376637 0.053746153846153846 0.08956696878147029
2 0.3485307692307692 0.6130715005035247 0.06917692307692308 0.03604229607250755
2 0.4671615384615384 0.5440684793554884 0.05436153846153846 0.027492447129909368
2 0.7467153846153847 0.6777844914400806 0.07708461538461538 0.03238670694864048