1 0.534287109375 0.508495867768595 0.04150390625 0.08846280991735538
1 0.491572265625 0.4977355371900826 0.040205078125 0.09365289256198346
1 0.7506494140625 0.6061487603305785 0.06078125 0.11893388429752066
1 0.9749755859375 0.5308925619834711 0.0500439453125 0.14438016528925618
2 0.029111328125 0.795892561983471 0.0314892578125 0.04696694214876033
2 0.4306591796875 0.7087272727272727 0.0537646484375 0.037280991735537186
2 0.580703125 0.7469338842975206 0.0567822265625 0.046950413223140496
0 0.425185546875 0.4801157024793389 0.034931640625 0.094
1 0.3976904296875 0.4958760330578512 0.0338427734375 0.08324793388429752
1 0.8156884765625 0.4821487603305785 0.0469482421875 0.0958512396694215
1 0.925390625 0.5182892561983471 0.05044921875 0.08773553719008265
1 0.1539990234375 0.46901652892561985 0.0464990234375 0.09321487603305785
1 0.0381982421875 0.5098595041322314 0.064658203125 0.08404132231404958
1 0.271845703125 0.49210743801652895 0.03669921875 0.07811570247933884
1 0.2337451171875 0.44741322314049586 0.0480078125 0.08677685950413223
1 0.298134765625 0.47680165289256193 0.0325830078125 0.06001652892561984
1 0.33521484375 0.5160826446280992 0.04732421875 0.07421487603305785
1 0.364375 0.45297520661157026 0.043037109375 0.06452066115702479
1 0.668564453125 0.5139752066115703 0.03322265625 0.05950413223140496
1 0.60509765625 0.5396942148760331 0.0319970703125 0.056